0.05 0.05 0.05 0.05 0.05 0.05 0.05 0.05 0.05 0.05 0.05 0.05 0.05 0.05 0.05 0.05 0.05 0.05 0.05 0.05 0.05 0.05 0.05 0.05 0.05 0.05 0.05 0.05
0.05 0.05 0.05 0.05 0.05 0.05 0.05 0.05 0.05 0.05 0.05 0.05 0.05 0.05 0.05 0.05 0.05 0.05 0.05 0.05 0.05 0.05 0.05 0.05 0.05 0.05 0.05 0.05
0.05 0.05 0.05 0.05 0.05 0.05 0.05 0.05 0.05 0.05 0.05 0.05 0.05 0.05 0.05 0.05 0.05 0.05 0.05 0.05 0.05 0.05 0.05 0.05 0.05 0.05 0.05 0.05
0.05 0.05 0.05 0.05 0.05 0.05 0.05 0.05 0.05 0.05 0.05 0.05 0.05 0.05 0.05 0.05 0.05 0.05 0.05 0.05 0.05 0.05 0.05 0.05 0.05 0.05 0.05 0.05
0.05 0.05 0.05 0.05 0.05 0.05 0.05 0.05 0.05 0.05 0.05 0.05 0.05 0.05 0.05 0.05 0.05 0.05 0.05 0.05 0.05 0.05 0.05 0.05 0.05 0.05 0.05 0.05
0.05 0.05 0.05 0.05 0.05 0.08 0.1 0.06   0   0   0   0 0.01 0.04 0.05 0.05 0.05 0.05 0.05 0.05 0.05 0.05 0.05 0.05 0.05 0.05 0.05 0.05
0.05 0.05 0.05 0.05 0.05 0.07   0   0   0   0   0   0   0   0   0   0   0   0   0   0   0   0   0 0.03 0.05 0.05 0.05 0.05
0.05 0.05 0.05 0.05 0.03   0   0   0   0   0   0   0   0   0   0   0   0   0   0   0   0   0   0   0 0.05 0.05 0.05 0.05
0.05 0.05 0.05 0.05   0   0   0   0   0   0   0   0   0   0   0   0   0   0   0   0   0   0   0   0 0.05 0.05 0.05 0.05
0.05 0.05 0.05 0.05 0.2 0.5 0.8   1   1   1 0.7 0.3 0.1   0   0   0   0   0   0   0   0   0   0   0 0.05 0.05 0.05 0.05
0.05 0.05 0.05 0.05 0.3 0.7   1   1   2   2   2   2   2   2   2   2   2   2   1 0.4 0.06 0.01 0.1 0.1 0.05 0.05 0.05 0.05
0.05 0.05 0.05 0.05 0.1 0.3 0.3 0.5 0.7 0.8   1   1   1   1   2   2   2   1 0.8 0.5 0.3 0.5 0.5 0.2 0.05 0.05 0.05 0.05
0.05 0.05 0.05 0.05 0.05 0.05 0.05 0.05 0.05 0.07 0.2 0.2 0.2 0.3 0.3 0.4 0.2 0.03   0   0 0.3 0.6 0.4 0.1 0.05 0.05 0.05 0.05
0.05 0.05 0.05 0.05 0.05 0.05 0.05 0.05 0.05 0.05 0.05 0.05 0.05 0.05 0.05   0   0   0   0 0.03 0.5 0.6 0.2 0.06 0.05 0.05 0.05 0.05
0.05 0.05 0.05 0.05 0.05 0.05 0.05 0.05 0.05 0.05 0.05 0.05 0.05 0.05 0.02   0   0   0 0.03 0.4 0.7 0.4 0.1 0.05 0.05 0.05 0.05 0.05
0.05 0.05 0.05 0.05 0.05 0.05 0.05 0.05 0.05 0.05 0.05 0.05 0.05 0.05 0.04   0   0 0.06 0.3 0.6 0.7 0.3 0.08 0.05 0.05 0.05 0.05 0.05
0.05 0.05 0.05 0.05 0.05 0.05 0.05 0.05 0.05 0.05 0.05 0.05 0.05 0.08 0.01   0   0 0.05 0.4 0.6 0.4 0.1 0.05 0.05 0.05 0.05 0.05 0.05
0.05 0.05 0.05 0.05 0.05 0.05 0.05 0.05 0.05 0.05 0.05 0.05 0.06 0.01   0   0   0 0.1 0.5 0.5 0.2 0.06 0.05 0.05 0.05 0.05 0.05 0.05
0.05 0.05 0.05 0.05 0.05 0.05 0.05 0.05 0.05 0.05 0.05 0.04 0.09   0   0   0   0 0.3 0.6 0.4 0.09 0.05 0.05 0.05 0.05 0.05 0.05 0.05
0.05 0.05 0.05 0.05 0.05 0.05 0.05 0.05 0.05 0.05 0.05 0.07   0   0   0   0 0.2 0.6 0.5 0.2 0.05 0.05 0.05 0.05 0.05 0.05 0.05 0.05
0.05 0.05 0.05 0.05 0.05 0.05 0.05 0.05 0.05 0.05 0.06 0.002   0   0   0 0.2 0.7 0.7 0.4 0.09 0.05 0.05 0.05 0.05 0.05 0.05 0.05 0.05
0.05 0.05 0.05 0.05 0.05 0.05 0.05 0.05 0.05 0.05 0.07   0   0   0 0.1 0.6 0.8 0.5 0.2 0.05 0.05 0.05 0.05 0.05 0.05 0.05 0.05 0.05
0.05 0.05 0.05 0.05 0.05 0.05 0.05 0.05 0.05 0.06   0   0   0   0 0.3 0.6 0.6 0.3 0.08 0.05 0.05 0.05 0.05 0.05 0.05 0.05 0.05 0.05
0.05 0.05 0.05 0.05 0.05 0.05 0.05 0.05 0.05   0   0   0   0   0 0.1 0.4 0.3 0.1 0.05 0.05 0.05 0.05 0.05 0.05 0.05 0.05 0.05 0.05
0.05 0.05 0.05 0.05 0.05 0.05 0.05 0.05 0.02   0   0   0   0   0 0.2 0.2 0.1 0.05 0.05 0.05 0.05 0.05 0.05 0.05 0.05 0.05 0.05 0.05
0.05 0.05 0.05 0.05 0.05 0.05 0.05 0.05 0.008   0 0.006 0.1 0.3 0.6 0.6 0.4 0.1 0.05 0.05 0.05 0.05 0.05 0.05 0.05 0.05 0.05 0.05 0.05
0.05 0.05 0.05 0.05 0.05 0.05 0.05 0.05 0.08 0.3 0.7   1   1   1 0.8 0.4 0.1 0.05 0.05 0.05 0.05 0.05 0.05 0.05 0.05 0.05 0.05 0.05
0.05 0.05 0.05 0.05 0.05 0.05 0.05 0.05 0.2 0.6   1   1   1   1 0.7 0.3 0.08 0.05 0.05 0.05 0.05 0.05 0.05 0.05 0.05 0.05 0.05 0.05
