4.520857e-09 1.7072603e-12 0.0 3.0189958 0.0 0.0 4.3255177 4.2333183 1.6588204 0.0 0.31789494 0.0 0.0 2.897342 2.1637719 0.3921772 -4.629031 -12.510597 1.6923906 0.0 0.7718303 0.0 0.0 0.9254213 1.112397 1.7323008 1.160171 0.26859352
0.0 0.7740188 0.0 0.0 0.7350996 0.0 0.0 1.5990465 0.0 0.0 0.0 0.0 0.27635852 0.0 0.0 0.0 0.11476412 0.0 0.0 3.5902297 0.0 1.0615851 0.0 0.0 0.05207707 0.0 0.048540924 0.0
0.35789198 0.44024163 1.5894147 2.2751114 0.7787557 0.18591909 0.16171004 0.0 0.0 0.0 0.0 0.0 2.0518415 0.0 0.0 0.0 2.1159875 0.59648424 0.0 0.40153104 2.745184 2.784694 0.0 0.0 0.6562262 0.0 2.4890456 0.0
1.225677 0.0 0.0 0.0 0.0 0.0 0.0 0.0 0.0 0.0 0.0 0.0 0.0 0.0 0.0 0.14866227 0.61685103 0.0 0.28751308 0.0 0.0 1.7323008 0.19045384 0.26859352 0.0 0.5598365 0.0 0.0
0.19963816 0.0 0.0 0.0 0.0 0.0 0.0 0.0 0.0 0.0 0.0 0.0 0.0 0.0 0.0 1.1577213 0.0 0.4123144 0.0 0.0 0.114023946 0.0 0.20460919 0.180987 0.0 0.0 0.0 0.0
0.0 0.80973136 0.0 0.0 0.0 0.0 0.0 0.0 0.0 0.0 0.0 2.5111353 0.0 0.0 0.0 0.39937976 0.07686869 0.0 0.0 0.0 0.0 0.0 0.0 0.0 0.0 0.064003095 0.0 0.0
0.5265039 0.0 0.0 0.0 0.0 0.0 0.0 2.3034077 0.0 0.0 0.0 0.9547929 0.0 0.0 0.0 0.0 0.0 0.0 0.0 0.0 0.0 0.03692205 0.13214633 0.0 0.6477235 0.0 0.0 0.0
0.11476412 0.0 0.0 0.46435148 0.0 0.0 0.20220928 1.6497061 0.0 0.0 0.0 0.0 0.031725056 0.13206226 0.0 0.0 0.0 0.0 0.048540924 0.0 0.34377354 0.0 0.0 0.0 0.060381524 0.0 0.0 0.0
0.0 0.0 0.60655004 2.2751114 0.0 0.0 0.0 0.0 0.0 0.81254876 0.0 0.0 0.0 0.0 0.0 0.0 0.0 0.0 0.0 0.0 0.0 0.3525305 0.0 0.0 0.0 0.0 1.5894147 0.0
0.7787557 0.18591909 0.0 0.0 0.0 1.2873214 0.0 0.0 0.0 0.0 0.0 0.0 0.0 0.0 0.0 0.0 0.86860126 1.1525759 0.0 0.0 3.050546 0.0 0.6190927 0.34980989 1.1415583 1.3784871 0.0 0.29555833
0.0 0.0 1.1811382 0.9113721 0.621415 0.0 2.6464555 0.0 0.4968567 0.0 1.2974749 0.8869305 0.41803616 0.32074594 0.20460919 0.47849986 0.5759366 0.0 0.0 0.0 0.0 0.0 0.0 2.5111353 0.0 0.8051362 0.0 0.0
0.0 0.064003095 0.0 0.0 0.0 0.0 0.7666474 1.6497061 0.03528153 0.0 0.096860416 0.0 0.34377354 0.0 0.0 0.0 0.7606539 0.040088397 0.0 3.3413413 0.0 1.2873214 0.0 0.0 0.0 0.0 0.013087193 0.013087193
0.013087193 0.013087193 0.013087193 0.013087193 0.013087193 0.013087193 0.013087193 0.013087193 0.013087193 0.022544373 0.072684616 0.12759538 0.1495562 0.18942504 0.15878987 0.114434615 0.037662856 0.05889996 0.0 0.31186467 0.9272283 0.43077514 0.0 0.0 0.013087193 0.013087193 0.013087193 0.013087193
0.013087193 0.013087193 0.013087193 0.013087193 0.013087193 0.013087193 0.013087193 0.013087193 0.013087193 0.013087193 0.013087193 0.013087193 0.013087193 0.013087193 0.0 0.0 0.0 0.0 0.14213125 0.7364345 0.7327605 0.092125505 0.0 0.0043997075 0.013087193 0.013087193 0.013087193 0.013087193
0.013087193 0.013087193 0.013087193 0.013087193 0.013087193 0.013087193 0.013087193 0.013087193 0.013087193 0.013087193 0.013087193 0.013087193 0.013087193 0.0086063 0.0 0.0 0.0037650093 0.0 0.517465 0.98215455 0.3801257 0.0 0.0 0.013087193 0.013087193 0.013087193 0.013087193 0.013087193
0.013087193 0.013087193 0.013087193 0.013087193 0.013087193 0.013087193 0.013087193 0.013087193 0.013087193 0.013087193 0.013087193 0.013087193 0.013087193 0.0 0.0 0.11693673 0.00086180866 0.14473921 0.8176498 0.78767866 0.085497454 0.0 0.0 0.013087193 0.013087193 0.013087193 0.013087193 0.013087193
0.013087193 0.013087193 0.013087193 0.013087193 0.013087193 0.013087193 0.013087193 0.013087193 0.013087193 0.013087193 0.013087193 0.013087193 0.0 0.0 0.0 0.0830884 0.02711136 0.46431777 0.8836843 0.31989095 0.0 0.0 0.013087193 0.013087193 0.013087193 0.013087193 0.013087193 0.013087193
0.013087193 0.013087193 0.013087193 0.013087193 0.013087193 0.013087193 0.013087193 0.013087193 0.013087193 0.013087193 0.013087193 0.0036275303 0.0 0.0 0.0 0.0 0.18752256 0.79883003 0.69985074 0.009908688 0.0 0.010674003 0.013087193 0.013087193 0.013087193 0.013087193 0.013087193 0.013087193
0.013087193 0.013087193 0.013087193 0.013087193 0.013087193 0.013087193 0.013087193 0.013087193 0.013087193 0.013087193 0.011593562 0.0 0.0 0.0 0.0 0.0 0.5395024 0.9017932 0.3027602 0.0 0.0 0.013087193 0.013087193 0.013087193 0.013087193 0.013087193 0.013087193 0.013087193
0.013087193 0.013087193 0.013087193 0.013087193 0.013087193 0.013087193 0.013087193 0.013087193 0.013087193 0.013087193 0.0 0.0 0.0 0.0 0.0 0.41463587 0.9116078 0.5967362 0.0 0.0 0.013087193 0.013087193 0.013087193 0.013087193 0.013087193 0.013087193 0.013087193 0.013087193
0.013087193 0.013087193 0.013087193 0.013087193 0.013087193 0.013087193 0.013087193 0.013087193 0.013087193 0.0 0.0 0.0 0.0 0.0 0.27876818 0.9380188 0.8210027 0.1684612 0.0 0.0 0.013087193 0.013087193 0.013087193 0.013087193 0.013087193 0.013087193 0.013087193 0.013087193
0.013087193 0.013087193 0.013087193 0.013087193 0.013087193 0.013087193 0.013087193 0.013087193 0.013087193 0.0 0.0 0.0 0.0 0.084193744 0.7254632 1.030646 0.41337106 0.0 0.0 0.013087193 0.013087193 0.013087193 0.013087193 0.013087193 0.013087193 0.013087193 0.013087193 0.013087193
0.013087193 0.013087193 0.013087193 0.013087193 0.013087193 0.013087193 0.013087193 0.013087193 0.0 0.0 0.0 0.0 0.0 0.35259205 0.99388236 0.71617 0.04030241 0.0 0.0 0.013087193 0.013087193 0.013087193 0.013087193 0.013087193 0.013087193 0.013087193 0.013087193 0.013087193
0.013087193 0.013087193 0.013087193 0.013087193 0.013087193 0.013087193 0.013087193 0.013087193 0.0 0.0 0.0 0.0 0.0 0.3580791 0.6940848 0.41966102 0.0 0.0 0.013087193 0.013087193 0.013087193 0.013087193 0.013087193 0.013087193 0.013087193 0.013087193 0.013087193 0.013087193
0.013087193 0.013087193 0.013087193 0.013087193 0.013087193 0.013087193 0.013087193 0.013087193 0.017504653 0.06159655 0.0 0.03393518 0.18036228 0.3564461 0.4388353 0.13826524 0.0 0.012604554 0.013087193 0.013087193 0.013087193 0.013087193 0.013087193 0.013087193 0.013087193 0.013087193 0.013087193 0.013087193
0.013087193 0.013087193 0.013087193 0.013087193 0.013087193 0.013087193 0.013087193 0.013087193 0.19414221 0.51295954 0.44688693 0.48757926 0.6810985 0.5486431 0.32241738 0.0 0.0 0.013087193 0.013087193 0.013087193 0.013087193 0.013087193 0.013087193 0.013087193 0.013087193 0.013087193 0.013087193 0.013087193
0.013087193 0.013087193 0.013087193 0.013087193 0.013087193 0.013087193 0.013087193 0.013087193 0.27937016 0.80795497 1.0792817 1.0791315 0.9082983 0.54729325 0.12233066 0.0 0.0 0.013087193 0.013087193 0.013087193 0.013087193 0.013087193 0.013087193 0.013087193 0.013087193 0.013087193 0.013087193 0.013087193
0.013087193 0.013087193 0.013087193 0.013087193 0.013087193 0.013087193 0.013087193 0.013087193 0.22322269 0.69544685 1.0628189 1.0682305 0.7360135 0.20624462 0.0 0.0 0.0 0.013087193 0.013087193 0.013087193 0.013087193 0.013087193 0.013087193 0.013087193 0.013087193 0.013087193 0.013087193 0.013087193
